test_time: 8.276963s, start_time: 2025-02-26 15:08:08.079946+08:00, end_time: 2025-02-26 15:08:16.356909+08:00
throughput: 81.79328577402121
tx_cnt: 677
inner_tx_cnt: 579
inner_throughput: 69.95319418487192
inner_latency: 3.1750009689119176
cross_tx_cnt: 98
cross_throughput: 11.840091589149305
cross_latency: 5.19563862244898
simulate_duration: 0.0008994017725258493
all_latency: 3.4675009542097475

Process finished with exit code 0
