test_time: 48.894716s, start_time: 2025-02-26 14:59:25.901495+08:00, end_time: 2025-02-26 15:00:14.796211+08:00
throughput: 104.30574952107298
tx_cnt: 5100
inner_tx_cnt: 5100
inner_throughput: 104.30574952107298
inner_latency: 3.0305917315686286
all_latency: 3.0305917315686286
